# n_steps = 200
#dimensions 5x128x128
#Jfm = 1.000000 
#Jafm = -0.500000 
#Jint = 0.500000 
#kT = 0.200000 
#H = 0.000000 
#D = 0.700000defect_layer = -1
 
#seed=722809
#dz=0.100000
#Loop 2
0.500000 0.285638 0.000039 0.944086 0.000024 0.405645 0.000161 0.645031 0.000329
0.495000 0.284720 0.000042 0.944424 0.000023 0.401513 0.000174 0.641780 0.000331
0.490000 0.284131 0.000043 0.943765 0.000022 0.399598 0.000178 0.640630 0.000345
0.485000 0.283612 0.000044 0.943875 0.000027 0.397333 0.000182 0.637260 0.000357
0.480000 0.282961 0.000039 0.943501 0.000031 0.394917 0.000163 0.636472 0.000370
0.475000 0.281998 0.000038 0.942852 0.000030 0.391430 0.000160 0.632488 0.000329
0.470000 0.281364 0.000038 0.942868 0.000023 0.388758 0.000160 0.628920 0.000365
0.465000 0.280633 0.000042 0.942906 0.000024 0.385662 0.000176 0.626022 0.000355
0.460000 0.280051 0.000045 0.943476 0.000030 0.382748 0.000181 0.621439 0.000368
0.455000 0.279097 0.000039 0.942972 0.000030 0.379174 0.000165 0.620474 0.000309
0.450000 0.278269 0.000035 0.941935 0.000039 0.376573 0.000148 0.617796 0.000340
0.445000 0.278150 0.000037 0.943291 0.000026 0.374939 0.000152 0.615817 0.000335
0.440000 0.277491 0.000039 0.942966 0.000035 0.372451 0.000152 0.613500 0.000335
0.435000 0.276600 0.000039 0.942959 0.000024 0.368722 0.000162 0.609628 0.000332
0.430000 0.275641 0.000037 0.942020 0.000029 0.365490 0.000150 0.606570 0.000324
0.425000 0.275198 0.000035 0.942137 0.000019 0.363539 0.000146 0.604577 0.000327
0.420000 0.274406 0.000042 0.941510 0.000020 0.360744 0.000178 0.602383 0.000327
0.415000 0.274003 0.000038 0.940790 0.000022 0.359660 0.000161 0.600289 0.000342
0.410000 0.273423 0.000033 0.941693 0.000026 0.356471 0.000132 0.595827 0.000285
0.405000 0.272788 0.000034 0.941221 0.000034 0.354208 0.000138 0.593298 0.000327
0.400000 0.271945 0.000039 0.941287 0.000026 0.350621 0.000156 0.592348 0.000319
0.395000 0.271240 0.000035 0.940866 0.000022 0.348022 0.000143 0.590164 0.000308
0.390000 0.270716 0.000034 0.940335 0.000024 0.346268 0.000143 0.589208 0.000290
0.385000 0.270064 0.000039 0.939642 0.000026 0.344120 0.000165 0.587498 0.000292
0.380000 0.269125 0.000035 0.939354 0.000032 0.340426 0.000139 0.584200 0.000319
0.375000 0.268702 0.000034 0.939909 0.000062 0.338189 0.000145 0.582124 0.000314
0.370000 0.268214 0.000036 0.940546 0.000039 0.335610 0.000144 0.579860 0.000336
0.365000 0.267915 0.000031 0.940912 0.000036 0.334052 0.000126 0.578087 0.000290
0.360000 0.267161 0.000035 0.940396 0.000025 0.331323 0.000144 0.575677 0.000286
0.355000 0.266684 0.000033 0.939762 0.000031 0.329858 0.000136 0.574078 0.000285
0.350000 0.266195 0.000033 0.939911 0.000030 0.327685 0.000137 0.570975 0.000261
0.345000 0.265428 0.000032 0.939303 0.000022 0.324980 0.000133 0.570218 0.000298
0.340000 0.264859 0.000033 0.939119 0.000028 0.322749 0.000136 0.566383 0.000300
0.335000 0.264656 0.000035 0.939233 0.000037 0.321806 0.000148 0.564479 0.000295
0.330000 0.264117 0.000036 0.938703 0.000022 0.319991 0.000147 0.561995 0.000284
0.325000 0.263544 0.000029 0.938322 0.000020 0.317907 0.000122 0.561353 0.000286
0.320000 0.263194 0.000029 0.938775 0.000019 0.316061 0.000122 0.559938 0.000299
0.315000 0.262717 0.000032 0.939151 0.000021 0.313750 0.000136 0.558163 0.000320
0.310000 0.262060 0.000033 0.938521 0.000036 0.311523 0.000143 0.556603 0.000306
0.305000 0.261509 0.000032 0.938726 0.000017 0.309044 0.000132 0.554807 0.000257
0.300000 0.261021 0.000032 0.938314 0.000018 0.307345 0.000134 0.554103 0.000298
0.295000 0.260614 0.000033 0.938618 0.000035 0.305384 0.000140 0.553243 0.000283
0.290000 0.259774 0.000032 0.937698 0.000024 0.302634 0.000133 0.549273 0.000281
0.285000 0.259437 0.000032 0.937399 0.000017 0.301476 0.000129 0.548048 0.000271
0.280000 0.258825 0.000032 0.937489 0.000024 0.298834 0.000130 0.544427 0.000233
0.275000 0.258372 0.000031 0.937191 0.000030 0.297187 0.000128 0.544200 0.000285
0.270000 0.257877 0.000034 0.936701 0.000031 0.295525 0.000138 0.544175 0.000281
0.265000 0.257045 0.000034 0.936609 0.000027 0.292116 0.000149 0.541743 0.000303
0.260000 0.256676 0.000033 0.936545 0.000033 0.290622 0.000136 0.540665 0.000266
0.255000 0.256079 0.000030 0.936493 0.000021 0.288163 0.000126 0.538637 0.000246
0.250000 0.255486 0.000029 0.935877 0.000014 0.286198 0.000121 0.535800 0.000263
0.245000 0.254566 0.000032 0.935420 0.000020 0.282727 0.000134 0.534934 0.000263
0.240000 0.253954 0.000030 0.935989 0.000025 0.279684 0.000120 0.532213 0.000241
0.235000 0.253524 0.000033 0.935243 0.000039 0.278508 0.000137 0.532003 0.000264
0.230000 0.252841 0.000034 0.935392 0.000057 0.275522 0.000128 0.525454 0.000282
0.225000 0.252203 0.000031 0.933693 0.000023 0.274272 0.000128 0.523036 0.000276
0.220000 0.251701 0.000032 0.933668 0.000021 0.272189 0.000136 0.522997 0.000275
0.215000 0.251287 0.000035 0.933961 0.000028 0.270209 0.000141 0.521894 0.000309
0.210000 0.250466 0.000040 0.934360 0.000031 0.266436 0.000163 0.518676 0.000289
0.205000 0.249898 0.000036 0.933963 0.000051 0.264387 0.000145 0.517336 0.000296
0.200000 0.249545 0.000038 0.934279 0.000027 0.262646 0.000155 0.515755 0.000296
0.195000 0.248587 0.000037 0.933813 0.000030 0.259023 0.000156 0.514343 0.000267
0.190000 0.248231 0.000038 0.932822 0.000031 0.258360 0.000148 0.511435 0.000295
0.185000 0.247338 0.000034 0.931977 0.000032 0.255328 0.000141 0.508791 0.000322
0.180000 0.246581 0.000035 0.932184 0.000024 0.251984 0.000145 0.506975 0.000288
0.175000 0.245921 0.000032 0.932877 0.000036 0.248635 0.000136 0.502143 0.000332
0.170000 0.245484 0.000032 0.932400 0.000035 0.247206 0.000134 0.498904 0.000301
0.165000 0.244680 0.000042 0.931843 0.000022 0.244303 0.000174 0.497586 0.000331
0.160000 0.243936 0.000035 0.931746 0.000021 0.241267 0.000146 0.494282 0.000309
0.155000 0.243418 0.000038 0.932124 0.000026 0.238782 0.000158 0.493286 0.000293
0.150000 0.242422 0.000039 0.931341 0.000046 0.235263 0.000154 0.492326 0.000285
0.145000 0.241754 0.000037 0.930913 0.000033 0.232823 0.000152 0.488489 0.000273
0.140000 0.240910 0.000041 0.930900 0.000029 0.229298 0.000173 0.487570 0.000302
0.135000 0.240059 0.000037 0.930363 0.000035 0.226182 0.000156 0.485770 0.000311
0.130000 0.239194 0.000040 0.930831 0.000043 0.222167 0.000173 0.478378 0.000328
0.125000 0.238257 0.000038 0.930189 0.000030 0.218778 0.000153 0.478883 0.000296
0.120000 0.237499 0.000041 0.930168 0.000035 0.215622 0.000167 0.479764 0.000309
0.115000 0.236322 0.000039 0.928820 0.000027 0.211818 0.000161 0.478077 0.000311
0.110000 0.235789 0.000041 0.929718 0.000025 0.208834 0.000171 0.475737 0.000328
0.105000 0.234958 0.000046 0.929618 0.000029 0.205437 0.000192 0.470470 0.000336
0.100000 0.233863 0.000042 0.929019 0.000025 0.201351 0.000178 0.465486 0.000329
0.095000 0.232711 0.000045 0.928979 0.000048 0.196557 0.000183 0.460881 0.000299
0.090000 0.231664 0.000037 0.927736 0.000040 0.193212 0.000160 0.460616 0.000288
0.085000 0.230840 0.000044 0.926604 0.000059 0.190709 0.000171 0.459078 0.000351
0.080000 0.229996 0.000040 0.927034 0.000049 0.186811 0.000171 0.452406 0.000345
0.075000 0.229190 0.000042 0.927243 0.000035 0.183260 0.000188 0.448177 0.000313
0.070000 0.228097 0.000049 0.927777 0.000036 0.178232 0.000194 0.447982 0.000306
0.065000 0.227252 0.000044 0.926845 0.000039 0.175473 0.000183 0.448280 0.000298
0.060000 0.226351 0.000041 0.925938 0.000020 0.172459 0.000171 0.444239 0.000351
0.055000 0.225127 0.000042 0.925192 0.000042 0.167956 0.000176 0.439200 0.000341
0.050000 0.224190 0.000044 0.925682 0.000023 0.163620 0.000178 0.435306 0.000337
0.045000 0.223314 0.000043 0.925005 0.000024 0.160516 0.000179 0.432816 0.000321
0.040000 0.222449 0.000045 0.925310 0.000026 0.156640 0.000187 0.433122 0.000333
0.035000 0.221148 0.000043 0.925133 0.000033 0.151336 0.000179 0.429852 0.000321
0.030000 0.219943 0.000047 0.925075 0.000036 0.146338 0.000195 0.426330 0.000342
0.025000 0.219279 0.000045 0.924973 0.000035 0.143640 0.000181 0.425228 0.000332
0.020000 0.218292 0.000047 0.924403 0.000060 0.139983 0.000185 0.420874 0.000331
0.015000 0.216777 0.000045 0.922431 0.000027 0.135288 0.000182 0.417217 0.000325
0.010000 0.215871 0.000044 0.922263 0.000020 0.131634 0.000180 0.415507 0.000303
0.005000 0.214488 0.000046 0.921909 0.000064 0.126135 0.000183 0.412997 0.000334
0.000000 0.213147 0.000047 0.919995 0.000030 0.122119 0.000188 0.409347 0.000330
-0.005000 0.211835 0.000051 0.919942 0.000044 0.116668 0.000202 0.406724 0.000309
-0.010000 0.211273 0.000047 0.920288 0.000037 0.114021 0.000190 0.405296 0.000308
-0.015000 0.209801 0.000038 0.919949 0.000018 0.108139 0.000158 0.401141 0.000285
-0.020000 0.208307 0.000054 0.918373 0.000074 0.103202 0.000192 0.396330 0.000318
-0.025000 0.207023 0.000043 0.917961 0.000028 0.098168 0.000182 0.393668 0.000322
-0.030000 0.205937 0.000045 0.916711 0.000040 0.094665 0.000185 0.392752 0.000314
-0.035000 0.205322 0.000046 0.918190 0.000031 0.090850 0.000195 0.390183 0.000310
-0.040000 0.203753 0.000054 0.916695 0.000022 0.085527 0.000226 0.387580 0.000314
-0.045000 0.202773 0.000050 0.917777 0.000024 0.080516 0.000207 0.383079 0.000300
-0.050000 0.201644 0.000044 0.916975 0.000032 0.076456 0.000183 0.382036 0.000305
-0.055000 0.200642 0.000043 0.916535 0.000037 0.072626 0.000178 0.378910 0.000302
-0.060000 0.199260 0.000045 0.915371 0.000034 0.067812 0.000184 0.379530 0.000295
-0.065000 0.198202 0.000042 0.913940 0.000042 0.064578 0.000170 0.376535 0.000291
-0.070000 0.197304 0.000044 0.914115 0.000033 0.060669 0.000185 0.374397 0.000279
-0.075000 0.196351 0.000045 0.913948 0.000029 0.056816 0.000188 0.371769 0.000303
-0.080000 0.195165 0.000042 0.912983 0.000060 0.052656 0.000169 0.366804 0.000307
-0.085000 0.194023 0.000051 0.913324 0.000024 0.047586 0.000205 0.367580 0.000299
-0.090000 0.192507 0.000041 0.912416 0.000034 0.041997 0.000174 0.366371 0.000288
-0.095000 0.191566 0.000049 0.912733 0.000032 0.037788 0.000203 0.365595 0.000293
-0.100000 0.190118 0.000040 0.910331 0.000054 0.033734 0.000167 0.359317 0.000293
-0.105000 0.188804 0.000044 0.908625 0.000040 0.029658 0.000172 0.357048 0.000292
-0.110000 0.187929 0.000040 0.907991 0.000033 0.026525 0.000172 0.354965 0.000281
-0.115000 0.186606 0.000050 0.907255 0.000062 0.021599 0.000180 0.350127 0.000261
-0.120000 0.185302 0.000038 0.906599 0.000070 0.016684 0.000158 0.347660 0.000253
-0.125000 0.184183 0.000040 0.903897 0.000045 0.014260 0.000162 0.347289 0.000294
-0.130000 0.183403 0.000044 0.903741 0.000033 0.011121 0.000176 0.344930 0.000277
-0.135000 0.182088 0.000044 0.902469 0.000039 0.006680 0.000176 0.341782 0.000283
-0.140000 0.181235 0.000040 0.902146 0.000042 0.003377 0.000171 0.340998 0.000285
-0.145000 0.180703 0.000044 0.902610 0.000054 0.000756 0.000168 0.338534 0.000270
-0.150000 0.179256 0.000043 0.900414 0.000060 -0.003465 0.000161 0.338151 0.000296
-0.155000 0.177539 0.000042 0.898286 0.000041 -0.008873 0.000168 0.330283 0.000346
-0.160000 0.175994 0.000041 0.894755 0.000063 -0.012388 0.000158 0.328140 0.000278
-0.165000 0.174210 0.000046 0.891568 0.000077 -0.017194 0.000166 0.325733 0.000272
-0.170000 0.172715 0.000043 0.888473 0.000068 -0.020864 0.000162 0.325915 0.000295
-0.175000 0.171003 0.000041 0.885314 0.000033 -0.025390 0.000162 0.324388 0.000293
-0.180000 0.169811 0.000042 0.883232 0.000056 -0.028636 0.000161 0.319684 0.000307
-0.185000 0.168302 0.000041 0.880031 0.000058 -0.032278 0.000159 0.315532 0.000306
-0.190000 0.167053 0.000038 0.878799 0.000056 -0.036480 0.000140 0.313959 0.000320
-0.195000 0.165832 0.000051 0.877193 0.000095 -0.040247 0.000164 0.309378 0.000317
-0.200000 0.163882 0.000036 0.872160 0.000051 -0.044199 0.000146 0.306915 0.000275
-0.205000 0.162864 0.000049 0.870202 0.000094 -0.046827 0.000166 0.303467 0.000313
-0.210000 0.161056 0.000046 0.864657 0.000116 -0.049753 0.000160 0.298227 0.000346
-0.215000 0.158694 0.000059 0.858668 0.000131 -0.054633 0.000177 0.291999 0.000310
-0.220000 0.156914 0.000052 0.854448 0.000141 -0.058554 0.000153 0.288487 0.000323
-0.225000 0.154905 0.000046 0.848076 0.000113 -0.061629 0.000145 0.286383 0.000306
-0.230000 0.152707 0.000051 0.841820 0.000167 -0.065598 0.000148 0.279485 0.000372
-0.235000 0.150306 0.000061 0.834017 0.000199 -0.069116 0.000156 0.275049 0.000364
-0.240000 0.146148 0.000080 0.821313 0.000321 -0.075894 0.000139 0.263725 0.000328
-0.245000 0.142613 0.000057 0.808553 0.000226 -0.080014 0.000143 0.254596 0.000322
-0.250000 0.138909 0.000080 0.794247 0.000342 -0.083542 0.000142 0.248167 0.000343
-0.255000 0.133966 0.000126 0.776044 0.000501 -0.088999 0.000166 0.234844 0.000466
-0.260000 0.127544 0.000147 0.751921 0.000576 -0.095693 0.000188 0.217857 0.000534
-0.265000 0.119412 0.000177 0.719855 0.000698 -0.102892 0.000196 0.198651 0.000520
-0.270000 0.110699 0.000202 0.684808 0.000836 -0.110031 0.000191 0.178009 0.000600
-0.275000 0.099859 0.000227 0.639951 0.000999 -0.117859 0.000189 0.152188 0.000604
-0.280000 0.087062 0.000300 0.584907 0.001329 -0.125352 0.000193 0.124325 0.000653
-0.285000 0.070643 0.000336 0.515163 0.001445 -0.135700 0.000245 0.091860 0.000719
-0.290000 0.052955 0.000370 0.439653 0.001633 -0.146537 0.000225 0.054029 0.000786
-0.295000 0.033521 0.000417 0.355823 0.001892 -0.157713 0.000209 0.017157 0.000832
-0.300000 0.010296 0.000490 0.254752 0.002144 -0.170329 0.000292 -0.029298 0.000990
-0.305000 -0.015456 0.000561 0.141936 0.002499 -0.183686 0.000290 -0.078081 0.001024
-0.310000 -0.044371 0.000586 0.017812 0.002549 -0.200825 0.000345 -0.135197 0.001304
-0.315000 -0.074112 0.000580 -0.111940 0.002607 -0.216703 0.000281 -0.192410 0.001080
-0.320000 -0.103782 0.000599 -0.242002 0.002654 -0.232028 0.000316 -0.250343 0.001385
-0.325000 -0.133675 0.000576 -0.373193 0.002625 -0.247343 0.000256 -0.309206 0.001025
-0.330000 -0.161772 0.000546 -0.497711 0.002465 -0.260719 0.000264 -0.360917 0.001035
-0.335000 -0.187322 0.000449 -0.608602 0.001990 -0.274848 0.000255 -0.414048 0.000901
-0.340000 -0.207759 0.000393 -0.697310 0.001712 -0.286141 0.000246 -0.453549 0.000800
-0.345000 -0.225706 0.000304 -0.772878 0.001334 -0.298010 0.000205 -0.486595 0.000542
-0.350000 -0.238830 0.000232 -0.830904 0.001010 -0.304375 0.000184 -0.508608 0.000568
-0.355000 -0.249416 0.000187 -0.874355 0.000798 -0.312315 0.000174 -0.530735 0.000356
-0.360000 -0.256358 0.000103 -0.903089 0.000433 -0.317325 0.000154 -0.543953 0.000362
-0.365000 -0.260825 0.000070 -0.919536 0.000239 -0.322256 0.000161 -0.555279 0.000339
-0.370000 -0.263643 0.000060 -0.928432 0.000172 -0.326610 0.000166 -0.563364 0.000310
-0.375000 -0.265939 0.000040 -0.935233 0.000086 -0.330529 0.000150 -0.568545 0.000326
-0.380000 -0.267761 0.000035 -0.939149 0.000064 -0.334883 0.000143 -0.571498 0.000309
-0.385000 -0.268573 0.000038 -0.940483 0.000021 -0.337165 0.000159 -0.573052 0.000324
-0.390000 -0.269551 0.000036 -0.940837 0.000039 -0.340966 0.000150 -0.577412 0.000329
-0.395000 -0.270252 0.000037 -0.940656 0.000043 -0.344055 0.000146 -0.577453 0.000308
-0.400000 -0.270919 0.000037 -0.941396 0.000023 -0.346231 0.000154 -0.583292 0.000281
-0.405000 -0.271752 0.000036 -0.940929 0.000031 -0.350113 0.000149 -0.583851 0.000320
-0.410000 -0.272432 0.000037 -0.941307 0.000032 -0.352644 0.000146 -0.587151 0.000324
-0.415000 -0.273508 0.000041 -0.941861 0.000023 -0.356687 0.000171 -0.590039 0.000345
-0.420000 -0.274398 0.000038 -0.942120 0.000019 -0.360200 0.000158 -0.594536 0.000366
-0.425000 -0.275125 0.000040 -0.942399 0.000031 -0.363013 0.000164 -0.598688 0.000338
-0.430000 -0.275735 0.000039 -0.942137 0.000025 -0.365787 0.000161 -0.601262 0.000387
-0.435000 -0.276367 0.000037 -0.942387 0.000030 -0.368226 0.000149 -0.604050 0.000348
-0.440000 -0.276784 0.000041 -0.942007 0.000028 -0.370293 0.000165 -0.604304 0.000381
-0.445000 -0.277654 0.000035 -0.942335 0.000042 -0.373661 0.000146 -0.606654 0.000360
-0.450000 -0.278517 0.000041 -0.941765 0.000041 -0.377754 0.000160 -0.611823 0.000367
-0.455000 -0.279583 0.000038 -0.943075 0.000034 -0.381124 0.000161 -0.616897 0.000355
-0.460000 -0.280636 0.000039 -0.943026 0.000032 -0.385574 0.000160 -0.622551 0.000359
-0.465000 -0.281346 0.000038 -0.943570 0.000044 -0.388095 0.000150 -0.623471 0.000341
-0.470000 -0.281972 0.000042 -0.943043 0.000025 -0.391157 0.000174 -0.625002 0.000359
-0.475000 -0.282826 0.000041 -0.943343 0.000026 -0.394484 0.000165 -0.629776 0.000356
-0.480000 -0.283530 0.000042 -0.943284 0.000027 -0.397484 0.000176 -0.634343 0.000383
-0.485000 -0.284188 0.000039 -0.943578 0.000032 -0.399994 0.000157 -0.637087 0.000357
-0.490000 -0.285008 0.000038 -0.944031 0.000026 -0.403050 0.000160 -0.637627 0.000362
-0.495000 -0.285482 0.000043 -0.943480 0.000047 -0.405499 0.000170 -0.640123 0.000337
-0.500000 -0.286751 0.000040 -0.944134 0.000029 -0.410269 0.000161 -0.644821 0.000328
-0.500000 -0.286488 0.000038 -0.944266 0.000020 -0.409056 0.000160 -0.644501 0.000327
-0.495000 -0.285702 0.000040 -0.943831 0.000019 -0.406125 0.000167 -0.640337 0.000351
-0.490000 -0.284981 0.000039 -0.943872 0.000025 -0.403072 0.000162 -0.638473 0.000352
-0.485000 -0.284295 0.000040 -0.943821 0.000026 -0.400240 0.000159 -0.635359 0.000349
-0.480000 -0.283907 0.000041 -0.943806 0.000036 -0.398627 0.000165 -0.634039 0.000373
-0.475000 -0.282951 0.000037 -0.943058 0.000030 -0.395248 0.000159 -0.629774 0.000352
-0.470000 -0.282367 0.000036 -0.942877 0.000026 -0.392952 0.000154 -0.626303 0.000369
-0.465000 -0.281462 0.000040 -0.942835 0.000027 -0.389198 0.000163 -0.623021 0.000331
-0.460000 -0.280885 0.000035 -0.943115 0.000043 -0.386545 0.000145 -0.621030 0.000312
-0.455000 -0.280105 0.000037 -0.942819 0.000017 -0.383526 0.000154 -0.618147 0.000360
-0.450000 -0.279743 0.000041 -0.943094 0.000028 -0.381776 0.000168 -0.618249 0.000369
-0.445000 -0.279065 0.000038 -0.942715 0.000029 -0.379252 0.000157 -0.615606 0.000350
-0.440000 -0.278190 0.000035 -0.942160 0.000014 -0.376053 0.000145 -0.611480 0.000346
-0.435000 -0.277588 0.000040 -0.942260 0.000028 -0.373449 0.000159 -0.605651 0.000341
-0.430000 -0.276723 0.000035 -0.941468 0.000020 -0.370486 0.000144 -0.603684 0.000310
-0.425000 -0.276020 0.000039 -0.941703 0.000022 -0.367343 0.000160 -0.600872 0.000340
-0.420000 -0.275731 0.000036 -0.942074 0.000020 -0.365824 0.000148 -0.599386 0.000334
-0.415000 -0.274958 0.000036 -0.941520 0.000022 -0.363050 0.000149 -0.597562 0.000300
-0.410000 -0.274444 0.000037 -0.941526 0.000031 -0.360889 0.000157 -0.595532 0.000334
-0.405000 -0.273667 0.000037 -0.941292 0.000024 -0.357831 0.000157 -0.595388 0.000322
-0.400000 -0.273276 0.000037 -0.941656 0.000023 -0.355890 0.000153 -0.593454 0.000294
-0.395000 -0.272584 0.000039 -0.941637 0.000027 -0.353004 0.000154 -0.589901 0.000340
-0.390000 -0.272005 0.000034 -0.940975 0.000024 -0.351132 0.000145 -0.586650 0.000310
-0.385000 -0.271076 0.000037 -0.940196 0.000027 -0.347895 0.000150 -0.584626 0.000332
-0.380000 -0.270560 0.000038 -0.940414 0.000026 -0.345549 0.000156 -0.582459 0.000313
-0.375000 -0.270028 0.000033 -0.940065 0.000029 -0.343615 0.000138 -0.580965 0.000327
-0.370000 -0.269317 0.000037 -0.939962 0.000026 -0.340721 0.000151 -0.576897 0.000317
-0.365000 -0.268634 0.000037 -0.939556 0.000023 -0.338200 0.000151 -0.573906 0.000340
-0.360000 -0.268220 0.000035 -0.939654 0.000048 -0.336381 0.000143 -0.572627 0.000316
-0.355000 -0.267749 0.000033 -0.939893 0.000017 -0.334210 0.000140 -0.572254 0.000312
-0.350000 -0.267335 0.000036 -0.940144 0.000033 -0.332263 0.000151 -0.570632 0.000309
-0.345000 -0.266844 0.000032 -0.939900 0.000018 -0.330413 0.000134 -0.567566 0.000292
-0.340000 -0.266758 0.000034 -0.940631 0.000035 -0.329437 0.000136 -0.564298 0.000281
-0.335000 -0.266032 0.000039 -0.939996 0.000072 -0.326927 0.000138 -0.565140 0.000317
-0.330000 -0.265301 0.000032 -0.939457 0.000031 -0.324317 0.000136 -0.559589 0.000302
-0.325000 -0.264707 0.000031 -0.939195 0.000053 -0.322049 0.000131 -0.557736 0.000283
-0.320000 -0.264170 0.000033 -0.938720 0.000018 -0.320196 0.000141 -0.558608 0.000245
-0.315000 -0.263626 0.000028 -0.938485 0.000024 -0.318114 0.000120 -0.555544 0.000280
-0.310000 -0.263111 0.000032 -0.938868 0.000023 -0.315637 0.000138 -0.553617 0.000282
-0.305000 -0.262522 0.000031 -0.937977 0.000026 -0.313917 0.000129 -0.553432 0.000298
-0.300000 -0.261928 0.000031 -0.938144 0.000047 -0.311286 0.000127 -0.549280 0.000272
-0.295000 -0.261151 0.000030 -0.937356 0.000020 -0.308693 0.000127 -0.547794 0.000255
-0.290000 -0.260780 0.000032 -0.937914 0.000040 -0.306671 0.000137 -0.546437 0.000294
-0.285000 -0.260326 0.000029 -0.937689 0.000043 -0.304956 0.000119 -0.543028 0.000259
-0.280000 -0.259953 0.000034 -0.937368 0.000016 -0.303662 0.000137 -0.542414 0.000304
-0.275000 -0.259155 0.000035 -0.936499 0.000033 -0.301048 0.000138 -0.539647 0.000342
-0.270000 -0.258297 0.000036 -0.935598 0.000038 -0.298205 0.000137 -0.536636 0.000300
-0.265000 -0.258348 0.000029 -0.936038 0.000030 -0.298053 0.000126 -0.538202 0.000285
-0.260000 -0.257809 0.000030 -0.935993 0.000039 -0.295830 0.000123 -0.534183 0.000273
-0.255000 -0.257142 0.000035 -0.934333 0.000036 -0.294431 0.000137 -0.532718 0.000256
-0.250000 -0.256199 0.000033 -0.934931 0.000035 -0.289975 0.000140 -0.529924 0.000278
-0.245000 -0.255651 0.000029 -0.936180 0.000028 -0.286633 0.000124 -0.530928 0.000281
-0.240000 -0.255382 0.000030 -0.935762 0.000034 -0.285859 0.000122 -0.528532 0.000269
-0.235000 -0.254390 0.000032 -0.934867 0.000039 -0.282451 0.000125 -0.526925 0.000277
-0.230000 -0.253899 0.000035 -0.934795 0.000021 -0.280454 0.000146 -0.522818 0.000264
-0.225000 -0.253411 0.000035 -0.935543 0.000029 -0.277781 0.000147 -0.522036 0.000299
-0.220000 -0.252406 0.000039 -0.934872 0.000026 -0.274136 0.000160 -0.519239 0.000304
-0.215000 -0.251813 0.000027 -0.934737 0.000024 -0.271765 0.000111 -0.516628 0.000236
-0.210000 -0.251370 0.000032 -0.934560 0.000036 -0.270058 0.000140 -0.513836 0.000247
-0.205000 -0.250841 0.000038 -0.934089 0.000036 -0.268234 0.000156 -0.510296 0.000309
-0.200000 -0.250088 0.000035 -0.933172 0.000038 -0.265847 0.000138 -0.510250 0.000350
-0.195000 -0.249653 0.000035 -0.933271 0.000041 -0.263944 0.000144 -0.507947 0.000328
-0.190000 -0.249328 0.000035 -0.933981 0.000021 -0.261987 0.000145 -0.504263 0.000296
-0.185000 -0.248598 0.000036 -0.933605 0.000034 -0.259242 0.000145 -0.506648 0.000312
-0.180000 -0.247932 0.000039 -0.933381 0.000034 -0.256638 0.000155 -0.503089 0.000273
-0.175000 -0.247207 0.000038 -0.932323 0.000023 -0.254486 0.000153 -0.498007 0.000311
-0.170000 -0.246580 0.000038 -0.932298 0.000042 -0.251881 0.000153 -0.494087 0.000284
-0.165000 -0.245877 0.000038 -0.932555 0.000027 -0.248722 0.000160 -0.493826 0.000319
-0.160000 -0.244949 0.000037 -0.932296 0.000039 -0.245050 0.000151 -0.491587 0.000309
-0.155000 -0.244079 0.000039 -0.932150 0.000034 -0.241530 0.000158 -0.487338 0.000324
-0.150000 -0.243336 0.000037 -0.931375 0.000035 -0.239064 0.000150 -0.484826 0.000304
-0.145000 -0.241938 0.000037 -0.929881 0.000025 -0.234459 0.000153 -0.478432 0.000311
-0.140000 -0.241744 0.000041 -0.930805 0.000053 -0.232873 0.000157 -0.476595 0.000321
-0.135000 -0.240845 0.000037 -0.930477 0.000021 -0.229382 0.000154 -0.475854 0.000305
-0.130000 -0.240034 0.000037 -0.930809 0.000026 -0.225704 0.000155 -0.473257 0.000329
-0.125000 -0.239125 0.000038 -0.930103 0.000026 -0.222490 0.000160 -0.468032 0.000311
-0.120000 -0.238304 0.000040 -0.929797 0.000013 -0.219303 0.000166 -0.466708 0.000326
-0.115000 -0.237414 0.000041 -0.929323 0.000047 -0.215975 0.000170 -0.465696 0.000314
-0.110000 -0.236327 0.000043 -0.928642 0.000054 -0.211990 0.000173 -0.464062 0.000316
-0.105000 -0.235825 0.000040 -0.929115 0.000030 -0.209489 0.000164 -0.460378 0.000327
-0.100000 -0.234919 0.000042 -0.928675 0.000025 -0.206065 0.000176 -0.458781 0.000309
-0.095000 -0.234255 0.000046 -0.928291 0.000038 -0.203605 0.000194 -0.456402 0.000341
-0.090000 -0.233265 0.000038 -0.927478 0.000021 -0.200136 0.000158 -0.452810 0.000333
-0.085000 -0.232643 0.000042 -0.928496 0.000035 -0.196678 0.000176 -0.453216 0.000336
-0.080000 -0.231641 0.000043 -0.928737 0.000028 -0.192279 0.000181 -0.448645 0.000320
-0.075000 -0.230445 0.000042 -0.928144 0.000036 -0.187764 0.000175 -0.446392 0.000340
-0.070000 -0.229377 0.000043 -0.927599 0.000027 -0.183746 0.000181 -0.443672 0.000322
-0.065000 -0.228449 0.000047 -0.927479 0.000024 -0.179960 0.000192 -0.439815 0.000335
-0.060000 -0.226755 0.000047 -0.926153 0.000038 -0.173972 0.000190 -0.435289 0.000334
-0.055000 -0.225911 0.000043 -0.926631 0.000034 -0.170036 0.000176 -0.430714 0.000319
-0.050000 -0.225102 0.000045 -0.926105 0.000032 -0.167085 0.000194 -0.429331 0.000335
-0.045000 -0.223857 0.000046 -0.925592 0.000037 -0.162302 0.000184 -0.426447 0.000328
-0.040000 -0.222569 0.000046 -0.924577 0.000034 -0.157754 0.000191 -0.421273 0.000336
-0.035000 -0.221763 0.000047 -0.924484 0.000043 -0.154457 0.000196 -0.418151 0.000329
-0.030000 -0.221000 0.000054 -0.925215 0.000037 -0.150647 0.000223 -0.419540 0.000361
-0.025000 -0.219951 0.000045 -0.924833 0.000026 -0.146571 0.000186 -0.416149 0.000315
-0.020000 -0.218747 0.000048 -0.923690 0.000025 -0.142484 0.000198 -0.411751 0.000377
-0.015000 -0.218109 0.000043 -0.923605 0.000033 -0.139883 0.000183 -0.407165 0.000326
-0.010000 -0.216939 0.000050 -0.923204 0.000032 -0.135318 0.000201 -0.405944 0.000312
-0.005000 -0.214976 0.000045 -0.922082 0.000025 -0.128035 0.000185 -0.404509 0.000309
-0.000000 -0.213684 0.000047 -0.921886 0.000028 -0.122784 0.000193 -0.401474 0.000318
0.005000 -0.212703 0.000044 -0.921831 0.000033 -0.118720 0.000183 -0.400302 0.000302
0.010000 -0.211549 0.000048 -0.921290 0.000033 -0.114341 0.000198 -0.396326 0.000372
0.015000 -0.210715 0.000050 -0.920990 0.000054 -0.111095 0.000198 -0.392545 0.000305
0.020000 -0.209378 0.000050 -0.921168 0.000053 -0.105344 0.000208 -0.388181 0.000345
0.025000 -0.208487 0.000044 -0.921232 0.000037 -0.101561 0.000180 -0.387278 0.000298
0.030000 -0.207206 0.000047 -0.920357 0.000040 -0.096926 0.000188 -0.383789 0.000325
0.035000 -0.206007 0.000043 -0.919119 0.000027 -0.092938 0.000179 -0.381897 0.000312
0.040000 -0.204964 0.000048 -0.918121 0.000054 -0.089406 0.000187 -0.380731 0.000318
0.045000 -0.203962 0.000041 -0.917586 0.000033 -0.085655 0.000177 -0.378721 0.000299
0.050000 -0.203152 0.000044 -0.918343 0.000038 -0.081627 0.000189 -0.376576 0.000327
0.055000 -0.201964 0.000049 -0.916874 0.000054 -0.077884 0.000186 -0.374436 0.000318
0.060000 -0.200328 0.000047 -0.915555 0.000051 -0.072131 0.000190 -0.369801 0.000281
0.065000 -0.199360 0.000045 -0.914487 0.000035 -0.068973 0.000189 -0.367742 0.000329
0.070000 -0.197867 0.000056 -0.914499 0.000039 -0.062705 0.000226 -0.366636 0.000318
0.075000 -0.196317 0.000045 -0.912585 0.000043 -0.057817 0.000177 -0.364115 0.000309
0.080000 -0.195532 0.000044 -0.913701 0.000042 -0.053593 0.000178 -0.361500 0.000297
0.085000 -0.195013 0.000044 -0.913602 0.000022 -0.051501 0.000182 -0.357716 0.000273
0.090000 -0.193320 0.000052 -0.911651 0.000071 -0.046044 0.000190 -0.355060 0.000269
0.095000 -0.191804 0.000043 -0.909311 0.000026 -0.041653 0.000173 -0.350735 0.000280
0.100000 -0.190557 0.000040 -0.908722 0.000030 -0.036923 0.000159 -0.349392 0.000296
0.105000 -0.189107 0.000040 -0.906737 0.000038 -0.032509 0.000165 -0.344661 0.000298
0.110000 -0.187935 0.000038 -0.905757 0.000027 -0.028420 0.000159 -0.342633 0.000296
0.115000 -0.187294 0.000045 -0.905536 0.000061 -0.025920 0.000175 -0.341437 0.000284
0.120000 -0.185889 0.000040 -0.904428 0.000060 -0.020961 0.000167 -0.337007 0.000290
0.125000 -0.184857 0.000042 -0.903427 0.000061 -0.017479 0.000165 -0.335140 0.000257
0.130000 -0.183748 0.000039 -0.902450 0.000039 -0.013648 0.000155 -0.333686 0.000287
0.135000 -0.182808 0.000038 -0.901736 0.000042 -0.010310 0.000156 -0.333405 0.000266
0.140000 -0.182072 0.000040 -0.902576 0.000027 -0.006524 0.000161 -0.332032 0.000290
0.145000 -0.180590 0.000041 -0.900408 0.000062 -0.002131 0.000152 -0.328358 0.000315
0.150000 -0.178851 0.000036 -0.898346 0.000034 0.003430 0.000150 -0.325386 0.000250
0.155000 -0.177434 0.000037 -0.896374 0.000030 0.007711 0.000149 -0.319977 0.000294
0.160000 -0.176494 0.000042 -0.893926 0.000078 0.009599 0.000153 -0.315737 0.000348
0.165000 -0.175007 0.000039 -0.891598 0.000061 0.013879 0.000145 -0.312931 0.000304
0.170000 -0.173698 0.000040 -0.890618 0.000037 0.018539 0.000163 -0.310928 0.000259
0.175000 -0.172767 0.000040 -0.889823 0.000040 0.021778 0.000164 -0.307475 0.000265
0.180000 -0.171706 0.000043 -0.889756 0.000058 0.026163 0.000156 -0.307668 0.000287
0.185000 -0.170771 0.000036 -0.888004 0.000064 0.028614 0.000153 -0.305148 0.000269
0.190000 -0.169072 0.000043 -0.884907 0.000075 0.033139 0.000151 -0.300070 0.000306
0.195000 -0.167787 0.000042 -0.882287 0.000065 0.036324 0.000158 -0.297557 0.000290
0.200000 -0.165707 0.000043 -0.877746 0.000112 0.041236 0.000150 -0.293754 0.000298
0.205000 -0.163823 0.000057 -0.872873 0.000119 0.045043 0.000167 -0.291527 0.000309
0.210000 -0.161710 0.000041 -0.867037 0.000090 0.049009 0.000143 -0.286392 0.000312
0.215000 -0.159742 0.000052 -0.862523 0.000159 0.053473 0.000137 -0.278422 0.000333
0.220000 -0.157616 0.000048 -0.856218 0.000121 0.057093 0.000152 -0.273986 0.000334
0.225000 -0.155874 0.000046 -0.851827 0.000126 0.060713 0.000148 -0.271236 0.000317
0.230000 -0.153494 0.000054 -0.844393 0.000151 0.064456 0.000147 -0.266328 0.000348
0.235000 -0.150655 0.000066 -0.835912 0.000196 0.069244 0.000171 -0.258237 0.000342
0.240000 -0.147408 0.000068 -0.826022 0.000251 0.074562 0.000141 -0.249499 0.000352
0.245000 -0.143037 0.000076 -0.810299 0.000371 0.079700 0.000140 -0.239567 0.000313
0.250000 -0.138953 0.000079 -0.792639 0.000338 0.082013 0.000153 -0.231494 0.000362
0.255000 -0.134249 0.000112 -0.776624 0.000403 0.088300 0.000178 -0.224657 0.000352
0.260000 -0.128675 0.000124 -0.753952 0.000510 0.092654 0.000162 -0.212947 0.000458
0.265000 -0.121729 0.000120 -0.726017 0.000534 0.098351 0.000150 -0.199928 0.000415
0.270000 -0.113374 0.000211 -0.689896 0.000921 0.103087 0.000185 -0.183906 0.000423
0.275000 -0.101870 0.000245 -0.642927 0.001029 0.111930 0.000215 -0.157075 0.000586
0.280000 -0.089610 0.000236 -0.592600 0.000983 0.121122 0.000212 -0.126695 0.000754
0.285000 -0.075304 0.000315 -0.532186 0.001419 0.130435 0.000189 -0.093801 0.000681
0.290000 -0.057752 0.000364 -0.456275 0.001592 0.140367 0.000237 -0.060511 0.000701
0.295000 -0.039134 0.000407 -0.375575 0.001844 0.150750 0.000216 -0.023206 0.000810
0.300000 -0.016288 0.000457 -0.277518 0.002035 0.164298 0.000244 0.024914 0.000936
0.305000 0.008335 0.000537 -0.169551 0.002349 0.176992 0.000320 0.075234 0.001083
0.310000 0.036350 0.000587 -0.049872 0.002594 0.194083 0.000320 0.133110 0.001123
0.315000 0.066128 0.000617 0.080939 0.002725 0.209232 0.000331 0.188922 0.001170
0.320000 0.096899 0.000622 0.215039 0.002729 0.225785 0.000347 0.244058 0.001148
0.325000 0.127328 0.000593 0.349327 0.002616 0.240747 0.000319 0.302989 0.001278
0.330000 0.157038 0.000585 0.478250 0.002570 0.257193 0.000327 0.362299 0.001300
0.335000 0.183641 0.000502 0.594832 0.002223 0.270964 0.000270 0.412079 0.001014
0.340000 0.206192 0.000412 0.693058 0.001841 0.283137 0.000226 0.456344 0.000755
0.345000 0.224933 0.000310 0.773478 0.001392 0.294269 0.000189 0.487923 0.000653
0.350000 0.239583 0.000240 0.835840 0.001064 0.303394 0.000187 0.517822 0.000537
0.355000 0.250037 0.000178 0.879489 0.000726 0.310616 0.000192 0.540248 0.000479
0.360000 0.257349 0.000107 0.909103 0.000446 0.316437 0.000156 0.553606 0.000399
0.365000 0.261931 0.000083 0.926125 0.000273 0.321372 0.000163 0.563298 0.000348
0.370000 0.264450 0.000045 0.934796 0.000115 0.324659 0.000149 0.569881 0.000298
0.375000 0.265888 0.000033 0.939161 0.000044 0.327024 0.000139 0.572139 0.000311
0.380000 0.266619 0.000035 0.939998 0.000021 0.329388 0.000148 0.573243 0.000299
0.385000 0.267664 0.000039 0.940476 0.000031 0.333363 0.000164 0.578756 0.000333
0.390000 0.268290 0.000036 0.939989 0.000059 0.336394 0.000145 0.582194 0.000371
0.395000 0.269292 0.000034 0.941299 0.000027 0.339496 0.000140 0.585710 0.000301
0.400000 0.270097 0.000037 0.941346 0.000022 0.342829 0.000155 0.585856 0.000334
0.405000 0.270933 0.000038 0.941124 0.000020 0.346516 0.000159 0.588208 0.000366
0.410000 0.271758 0.000034 0.940640 0.000020 0.350378 0.000140 0.593391 0.000339
0.415000 0.272348 0.000033 0.941411 0.000026 0.352207 0.000141 0.595314 0.000315
0.420000 0.273210 0.000040 0.941692 0.000043 0.355581 0.000175 0.599487 0.000352
0.425000 0.274250 0.000043 0.941907 0.000036 0.359758 0.000173 0.602547 0.000307
0.430000 0.275019 0.000039 0.942005 0.000016 0.362898 0.000164 0.607081 0.000330
0.435000 0.275517 0.000036 0.941373 0.000039 0.365512 0.000156 0.607705 0.000339
0.440000 0.276479 0.000041 0.942437 0.000025 0.368655 0.000169 0.610064 0.000317
0.445000 0.277204 0.000032 0.942917 0.000036 0.371287 0.000133 0.611919 0.000305
0.450000 0.278090 0.000041 0.943372 0.000023 0.374620 0.000169 0.615805 0.000354
0.455000 0.278779 0.000040 0.943303 0.000016 0.377561 0.000168 0.618871 0.000328
0.460000 0.279677 0.000038 0.943375 0.000025 0.381265 0.000158 0.622100 0.000352
0.465000 0.280205 0.000040 0.942976 0.000034 0.383813 0.000165 0.622802 0.000349
0.470000 0.280896 0.000038 0.942719 0.000022 0.386923 0.000159 0.625659 0.000349
0.475000 0.282077 0.000043 0.943966 0.000016 0.390823 0.000180 0.631256 0.000338
0.480000 0.282583 0.000040 0.943103 0.000017 0.393668 0.000168 0.632124 0.000327
0.485000 0.283413 0.000042 0.943444 0.000042 0.396862 0.000171 0.636494 0.000349
0.490000 0.284170 0.000038 0.943751 0.000021 0.399776 0.000156 0.637730 0.000342
0.495000 0.285218 0.000038 0.944082 0.000033 0.403889 0.000155 0.642691 0.000336
0.500000 0.286128 0.000037 0.944593 0.000028 0.407272 0.000154 0.645688 0.000331
